LOCAL_SSH_RC=0
=== GIFT_DATA NO-LINE ROUNDTRIP PROBE ===
Wed Sep 16 20:07:05 +07 2026
192.168.1.234

=== PRODUCTION BEFORE ===
2da4dedd1fa3a21246490efe0bd49a4f17a408b5743679532e47040e2d166360  /data/sszg_code/v200408/server/ebin/gift_data.beam
-rwxrwxrwx. 1 root root 829K Jan  4  2022 /data/sszg_code/v200408/server/ebin/gift_data.beam
=== GIFT_DATA NO-LINE ROUNDTRIP ===
MODULE=gift_data
NUM_LABELS=2794
FUNCTION_COUNT=9
REMOVED_LINE_INSTRUCTIONS=3909
ASSEMBLE_OK=true
REBUILT_SIZE=280860
MODULE_EQ=true
EXPORTS_EQ=true
ATTRS_EQ=true
SEMANTIC_FUNCTIONS_EQ=true
## error <0.3.0> 2026/9/16 20:7:6[gift_data:6260] get_data_not_exist===>10408
## error <0.3.0> 2026/9/16 20:7:6[gift_data:6260] get_data_not_exist===>22
TEMP_LOAD={module,gift_data}
## error <0.3.0> 2026/9/16 20:7:6[gift_data:6260] get_data_not_exist===>10408
## error <0.3.0> 2026/9/16 20:7:6[gift_data:6260] get_data_not_exist===>22
ORIGINAL_VALUES=[{get,39052,
                     {gift_data,39052,
                         <<231,153,190,228,184,135,233,135,145,229,184,129,231,
                           164,188,231,155,146>>,
                         [],
                         [{1,1000000}],
                         [],0,0,0,0,[],0}},
                 {get,39053,
                     {gift_data,39053,
                         <<231,178,190,232,139,177,229,143,172,229,148,164,231,
                           164,188,229,140,133>>,
                         [],[],[],0,0,1,0,[],0}},
                 {get,39054,
                     {gift_data,39054,
                         <<233,171,152,231,186,167,229,143,172,229,148,164,231,
                           164,188,229,140,133>>,
                         [],[],[],0,0,1,0,[],0}},
                 {get,10407,
                     {gift_data,10407,
                         <<233,153,144,229,174,154,229,143,172,229,148,164,229,
                           141,183>>,
                         [],
                         [{10408,1}],
                         [],0,0,0,0,[],0}},
                 {get,10408,undefined},
                 {get,22,undefined},
                 {rand_list,39052,[]},
                 {rand_list,39053,
                     [{gift_rand_data,39053,
                          <<231,178,190,232,139,177,229,143,172,229,148,164,
                            231,164,188,229,140,133>>,
                          10408,1,1,2,0,9000,1,9999,0,0,0,0,[]},
                      {gift_rand_data,39053,
                          <<231,178,190,232,139,177,229,143,172,229,148,164,
                            231,164,188,229,140,133>>,
                          10408,2,1,2,0,700,1,9999,0,0,0,0,[]},
                      {gift_rand_data,39053,
                          <<231,178,190,232,139,177,229,143,172,229,148,164,
                            231,164,188,229,140,133>>,
                          10408,5,1,2,0,295,1,9999,0,0,0,0,[]},
                      {gift_rand_data,39053,
                          <<231,178,190,232,139,177,229,143,172,229,148,164,
                            231,164,188,229,140,133>>,
                          29905,50,1,2,0,5,1,9999,0,0,0,1,[]}]},
                 {rand_list,39054,
                     [{gift_rand_data,39054,
                          <<233,171,152,231,186,167,229,143,172,229,148,164,
                            231,164,188,229,140,133>>,
                          10403,1,1,2,0,9000,1,9999,0,0,0,0,[]},
                      {gift_rand_data,39054,
                          <<233,171,152,231,186,167,229,143,172,229,148,164,
                            231,164,188,229,140,133>>,
                          10403,2,1,2,0,700,1,9999,0,0,0,0,[]},
                      {gift_rand_data,39054,
                          <<233,171,152,231,186,167,229,143,172,229,148,164,
                            231,164,188,229,140,133>>,
                          10403,5,1,2,0,290,1,9999,0,0,0,0,[]},
                      {gift_rand_data,39054,
                          <<233,171,152,231,186,167,229,143,172,229,148,164,
                            231,164,188,229,140,133>>,
                          14001,1,1,2,0,10,1,9999,0,0,0,1,[]}]},
                 {rand_list,10407,[]},
                 {chose_list,39052,[]},
                 {chose_list,39053,[]},
                 {chose_list,39054,[]},
                 {sort_id_list,39052,[]},
                 {sort_id_list,39053,[]},
                 {sort_id_list,39054,[]},
                 {get_week_reward,85001,[{3,400}]},
                 {get_week_reward,85002,[{10450,1500}]},
                 {get_week_reward,85003,[{13506,1}]},
                 {get_week_reward,85004,[{22,50000000}]}]
ROUNDTRIP_VALUES=[{get,39052,
                      {gift_data,39052,
                          <<231,153,190,228,184,135,233,135,145,229,184,129,
                            231,164,188,231,155,146>>,
                          [],
                          [{1,1000000}],
                          [],0,0,0,0,[],0}},
                  {get,39053,
                      {gift_data,39053,
                          <<231,178,190,232,139,177,229,143,172,229,148,164,
                            231,164,188,229,140,133>>,
                          [],[],[],0,0,1,0,[],0}},
                  {get,39054,
                      {gift_data,39054,
                          <<233,171,152,231,186,167,229,143,172,229,148,164,
                            231,164,188,229,140,133>>,
                          [],[],[],0,0,1,0,[],0}},
                  {get,10407,
                      {gift_data,10407,
                          <<233,153,144,229,174,154,229,143,172,229,148,164,
                            229,141,183>>,
                          [],
                          [{10408,1}],
                          [],0,0,0,0,[],0}},
                  {get,10408,undefined},
                  {get,22,undefined},
                  {rand_list,39052,[]},
                  {rand_list,39053,
                      [{gift_rand_data,39053,
                           <<231,178,190,232,139,177,229,143,172,229,148,164,
                             231,164,188,229,140,133>>,
                           10408,1,1,2,0,9000,1,9999,0,0,0,0,[]},
                       {gift_rand_data,39053,
                           <<231,178,190,232,139,177,229,143,172,229,148,164,
                             231,164,188,229,140,133>>,
                           10408,2,1,2,0,700,1,9999,0,0,0,0,[]},
                       {gift_rand_data,39053,
                           <<231,178,190,232,139,177,229,143,172,229,148,164,
                             231,164,188,229,140,133>>,
                           10408,5,1,2,0,295,1,9999,0,0,0,0,[]},
                       {gift_rand_data,39053,
                           <<231,178,190,232,139,177,229,143,172,229,148,164,
                             231,164,188,229,140,133>>,
                           29905,50,1,2,0,5,1,9999,0,0,0,1,[]}]},
                  {rand_list,39054,
                      [{gift_rand_data,39054,
                           <<233,171,152,231,186,167,229,143,172,229,148,164,
                             231,164,188,229,140,133>>,
                           10403,1,1,2,0,9000,1,9999,0,0,0,0,[]},
                       {gift_rand_data,39054,
                           <<233,171,152,231,186,167,229,143,172,229,148,164,
                             231,164,188,229,140,133>>,
                           10403,2,1,2,0,700,1,9999,0,0,0,0,[]},
                       {gift_rand_data,39054,
                           <<233,171,152,231,186,167,229,143,172,229,148,164,
                             231,164,188,229,140,133>>,
                           10403,5,1,2,0,290,1,9999,0,0,0,0,[]},
                       {gift_rand_data,39054,
                           <<233,171,152,231,186,167,229,143,172,229,148,164,
                             231,164,188,229,140,133>>,
                           14001,1,1,2,0,10,1,9999,0,0,0,1,[]}]},
                  {rand_list,10407,[]},
                  {chose_list,39052,[]},
                  {chose_list,39053,[]},
                  {chose_list,39054,[]},
                  {sort_id_list,39052,[]},
                  {sort_id_list,39053,[]},
                  {sort_id_list,39054,[]},
                  {get_week_reward,85001,[{3,400}]},
                  {get_week_reward,85002,[{10450,1500}]},
                  {get_week_reward,85003,[{13506,1}]},
                  {get_week_reward,85004,[{22,50000000}]}]
RUNTIME_VALUES_EQ=true
NO_LINE_ROUNDTRIP_PASS=true

ESCRIPT_RC=0

=== TEMP REBUILT BEAM ===
-rw-r--r-- 1 root root 275K Sep 16 20:07 /tmp/gift_data_roundtrip_noline_5841.beam
795c606eba642a027ef132d64a82aa78426fa641ab53f1d1de8b1880e4d6123f  /tmp/gift_data_roundtrip_noline_5841.beam

=== PRODUCTION AFTER ===
2da4dedd1fa3a21246490efe0bd49a4f17a408b5743679532e47040e2d166360  /data/sszg_code/v200408/server/ebin/gift_data.beam
=== GIFT_DATA_NO_LINE_ROUNDTRIP_DONE ===
