=== ITEM 39053 SIMPLE RUNTIME PROBE ===
Wed Sep 16 18:27:52 +07 2026
192.168.1.234
EBIN=/data/sszg_code/v200408/server/ebin
=== ERLANG ===
ITEM_39052={item_base,39052,
                      <<231,153,190,228,184,135,233,147,182,229,184,129,231,
                        164,188,231,155,146>>,
                      100,4,9999,4,1,0,0,[],[],[],[],1,0,2,[],1,0,0,1,0,0}
ITEM_39053={item_base,39053,
                      <<231,178,190,232,139,177,230,139,155,229,139,159,231,
                        164,188,229,140,133>>,
                      100,4,9999,4,1,0,0,[],[],[],[],1,0,2,[],1,0,0,1,0,0}
ITEM_39054={item_base,39054,
                      <<233,171,152,231,186,167,230,139,155,229,139,159,231,
                        164,188,229,140,133>>,
                      100,4,9999,4,1,0,0,[],[],[],[],1,0,2,[],1,0,0,1,0,0}
ITEM_390536=undefined
ITEM_22={item_base,22,
                   <<229,191,141,232,128,133,231,187,143,233,170,140>>,
                   7,3,99999999,0,4,0,0,[],[],[],[],0,0,2,[],1,0,0,0,0,0}
ITEM_10408={item_base,10408,
                      <<231,178,190,232,139,177,230,139,155,229,139,159,229,
                        141,183>>,
                      9,4,9999,1,1,0,0,[],[],[],[],1,0,2,[],1,0,0,1,0,0}
PACKAGE_DATA_39053=[]
